ARC
-5.0,82.41598962243106
0,87.41598962243106
5.0,82.41598962243106

ARC
-5.0,37.415989622431056
0,32.415989622431056
5.0,37.415989622431056

ARC
-3.0,354.5
0.0,357.5
3.0,354.5

ARC
-3.0,320.5
0.0,317.5
3.0,320.5

ARC
216.1612436195637,78.25
222.1612436195637,84.25
228.1612436195637,78.25

ARC
216.1612436195637,41.58197924486212
222.1612436195637,35.58197924486212
228.1612436195637,41.58197924486212

ARC
216.1612436195637,200.75
222.1612436195637,206.75
228.1612436195637,200.75

ARC
216.1612436195637,117.75
222.1612436195637,111.75
228.1612436195637,117.75

ARC
457.51896393181494,196.78048707025653
464.51896393181494,203.78048707025653
471.51896393181494,196.78048707025653

ARC
457.51896393181494,121.71951292974346
464.51896393181494,114.71951292974346
471.51896393181494,121.71951292974346

ARC
458.51896393181494,-85.5
464.51896393181494,-79.5
470.51896393181494,-85.5

ARC
458.51896393181494,-113.5
464.51896393181494,-119.5
470.51896393181494,-113.5

ARC
680.6096531403225,658.1003675125527
686.9736141709539,660.2216878562552
686.620060780194,667.646309058706

ARC
698.9944294515855,639.7155912021152
701.1157497950023,646.0795522328417
708.5403709974689,645.7259988424152

ARC
674.3461971738097,587.3455335160105
677.2751293619442,580.2744657041451
684.3461971738097,577.3455335160105

ARC
662.3461971738097,549.3455335160105
663.7604107361828,549.9313199536374
664.3461971738097,551.3455335160105

ARC
654.3461971738097,548.3455335160105
653.6390903926232,548.638426734824
653.3461971738097,549.3455335160105

ARC
684.3461971738097,543.3455335160105
681.5177700490635,542.1739606407567
680.3461971738097,539.3455335160105

ARC
25.665989622431056,524.3455335160105
30.059387904632842,534.9521352338087
40.665989622431056,539.3455335160105

ARC
250.00609339812038,524.3455335160105
245.6126951159186,534.9521352338087
235.00609339812038,539.3455335160105

ARC
350.00609339812036,524.3455335160105
354.39949168032217,534.9521352338087
365.00609339812036,539.3455335160105

ARC
574.3461971738097,524.3455335160105
569.9527988916079,534.9521352338087
559.3461971738097,539.3455335160105

ARC
-74.33401037756894,547.3455335160105
-73.74822393994204,548.7597470783836
-72.33401037756894,549.3455335160105

